

PROJECT,SHOT,VERSION,STATUS,FINISH_DATE,INTERNAL_BID,CREATED_DATE
avatar, 3, 17, finished, 2001-07-03, 7.00, 2001-06-01 06:47
contact, 4, 20, finished, 1997-01-11, 4.00, 1997-01-01 03:21
lotr, 3, 16, finished, 2001-05-15, 115.00, 2001-04-01 06:47
the hobbit, 40, 99, finished, 2010-05-15, 21.80, 2010-03-22 01:11
district 9, 4, 27, scheduled, 2009-01-07, 7.00, 2009-04-01 06:47
the hobbit, 1, 64, scheduled, 2010-04-15, 45.00, 2010-04-01 13:35
avatar, 3, 16, finished, 2001-06-03, 6.00, 2001-06-01 06:47
i, robot, 3, 14, finished, 2004-04-15, 4.00, 2004-04-01 06:47
the hobbit, 40, 32, finished, 2010-05-15, 22.80, 2010-03-22 01:10
king kong, 42, 128, not required, 2006-07-22, 30.00, 2006-10-15 09:14
i, robot, 3, 16, finished, 2004-06-15, 6.00, 2004-06-01 06:47
district 9, 3, 28, finished, 2009-01-08, 8.00, 2009-04-01 06:47
the hobbit, 40, 101, ongoing, 2010-05-15, 121.80, 2010-03-22 01:10
i, robot, 3, 15, finished, 2004-05-15, 5.00, 2004-05-01 06:47
venom, 3, 16, finished, 2018-02-12, 5.00, 2018-04-01 06:47
district 9, 3, 29, finished, 2009-01-09, 9.00, 2009-04-01 06:49
district 9, 3, 27, scheduled, 2009-01-07, 7.00, 2009-04-01 06:47





PROJECT,SHOT,VERSION
avatar, 3, 17
contact, 4, 20
lotr, 3, 16
the hobbit, 40, 99
district 9, 4, 27
the hobbit, 1, 64
avatar, 3, 16
i, robot, 3, 14
the hobbit, 40, 32
king kong, 42, 128
i, robot, 3, 16
district 9, 3, 28
the hobbit, 40, 101
i, robot, 3, 15
venom, 3, 16
district 9, 3, 29
district 9, 3, 27





PROJECT,SHOT,VERSION,INTERNAL_BID,STATUS,CREATED_DATE
avatar, 3, 17, 7.00, finished, 2001-06-01 06:47
contact, 4, 20, 4.00, finished, 1997-01-01 03:21
lotr, 3, 16, 115.00, finished, 2001-04-01 06:47
the hobbit, 40, 99, 21.80, finished, 2010-03-22 01:11
district 9, 4, 27, 7.00, scheduled, 2009-04-01 06:47
the hobbit, 1, 64, 45.00, scheduled, 2010-04-01 13:35
avatar, 3, 16, 6.00, finished, 2001-06-01 06:47
i, robot, 3, 14, 4.00, finished, 2004-04-01 06:47
the hobbit, 40, 32, 22.80, finished, 2010-03-22 01:10
king kong, 42, 128, 30.00, not required, 2006-10-15 09:14
i, robot, 3, 16, 6.00, finished, 2004-06-01 06:47
district 9, 3, 28, 8.00, finished, 2009-04-01 06:47
the hobbit, 40, 101, 121.80, ongoing, 2010-03-22 01:10
i, robot, 3, 15, 5.00, finished, 2004-05-01 06:47
venom, 3, 16, 5.00, finished, 2018-04-01 06:47
district 9, 3, 29, 9.00, finished, 2009-04-01 06:49
district 9, 3, 27, 7.00, scheduled, 2009-04-01 06:47





PROJECT,SHOT,VERSION,STATUS,FINISH_DATE,INTERNAL_BID,CREATED_DATE
lotr, 3, 16, finished, 2001-05-15, 115.00, 2001-04-01 06:47





PROJECT,SHOT,VERSION,STATUS,FINISH_DATE,INTERNAL_BID,CREATED_DATE
the hobbit, 40, 99, finished, 2010-05-15, 21.80, 2010-03-22 01:11
the hobbit, 1, 64, scheduled, 2010-04-15, 45.00, 2010-04-01 13:35
the hobbit, 40, 32, finished, 2010-05-15, 22.80, 2010-03-22 01:10
the hobbit, 40, 101, ongoing, 2010-05-15, 121.80, 2010-03-22 01:10
venom, 3, 16, finished, 2018-02-12, 5.00, 2018-04-01 06:47





PROJECT,SHOT,VERSION,STATUS,FINISH_DATE,INTERNAL_BID,CREATED_DATE
lotr, 3, 16, finished, 2001-05-15, 115.00, 2001-04-01 06:47
the hobbit, 40, 99, finished, 2010-05-15, 21.80, 2010-03-22 01:11
the hobbit, 1, 64, scheduled, 2010-04-15, 45.00, 2010-04-01 13:35
the hobbit, 40, 32, finished, 2010-05-15, 22.80, 2010-03-22 01:10
the hobbit, 40, 101, ongoing, 2010-05-15, 121.80, 2010-03-22 01:10
venom, 3, 16, finished, 2018-02-12, 5.00, 2018-04-01 06:47





PROJECT,SHOT,VERSION,STATUS,FINISH_DATE,INTERNAL_BID,CREATED_DATE





PROJECT,SHOT,VERSION,STATUS,FINISH_DATE,INTERNAL_BID,CREATED_DATE
the hobbit, 40, 99, finished, 2010-05-15, 21.80, 2010-03-22 01:11
the hobbit, 1, 64, scheduled, 2010-04-15, 45.00, 2010-04-01 13:35
the hobbit, 40, 32, finished, 2010-05-15, 22.80, 2010-03-22 01:10
the hobbit, 40, 101, ongoing, 2010-05-15, 121.80, 2010-03-22 01:10





PROJECT,SHOT,VERSION,STATUS,FINISH_DATE,INTERNAL_BID,CREATED_DATE
avatar, 3, 17, finished, 2001-07-03, 7.00, 2001-06-01 06:47
contact, 4, 20, finished, 1997-01-11, 4.00, 1997-01-01 03:21
lotr, 3, 16, finished, 2001-05-15, 115.00, 2001-04-01 06:47
district 9, 4, 27, scheduled, 2009-01-07, 7.00, 2009-04-01 06:47
avatar, 3, 16, finished, 2001-06-03, 6.00, 2001-06-01 06:47
i, robot, 3, 14, finished, 2004-04-15, 4.00, 2004-04-01 06:47
king kong, 42, 128, not required, 2006-07-22, 30.00, 2006-10-15 09:14
i, robot, 3, 16, finished, 2004-06-15, 6.00, 2004-06-01 06:47
district 9, 3, 28, finished, 2009-01-08, 8.00, 2009-04-01 06:47
i, robot, 3, 15, finished, 2004-05-15, 5.00, 2004-05-01 06:47
district 9, 3, 29, finished, 2009-01-09, 9.00, 2009-04-01 06:49
district 9, 3, 27, scheduled, 2009-01-07, 7.00, 2009-04-01 06:47





PROJECT,SHOT,VERSION,STATUS,FINISH_DATE,INTERNAL_BID,CREATED_DATE
avatar, 3, 17, finished, 2001-07-03, 7.00, 2001-06-01 06:47
contact, 4, 20, finished, 1997-01-11, 4.00, 1997-01-01 03:21
lotr, 3, 16, finished, 2001-05-15, 115.00, 2001-04-01 06:47
the hobbit, 40, 99, finished, 2010-05-15, 21.80, 2010-03-22 01:11
district 9, 4, 27, scheduled, 2009-01-07, 7.00, 2009-04-01 06:47
the hobbit, 1, 64, scheduled, 2010-04-15, 45.00, 2010-04-01 13:35
avatar, 3, 16, finished, 2001-06-03, 6.00, 2001-06-01 06:47
i, robot, 3, 14, finished, 2004-04-15, 4.00, 2004-04-01 06:47
the hobbit, 40, 32, finished, 2010-05-15, 22.80, 2010-03-22 01:10
king kong, 42, 128, not required, 2006-07-22, 30.00, 2006-10-15 09:14
i, robot, 3, 16, finished, 2004-06-15, 6.00, 2004-06-01 06:47
district 9, 3, 28, finished, 2009-01-08, 8.00, 2009-04-01 06:47
the hobbit, 40, 101, ongoing, 2010-05-15, 121.80, 2010-03-22 01:10
i, robot, 3, 15, finished, 2004-05-15, 5.00, 2004-05-01 06:47
district 9, 3, 29, finished, 2009-01-09, 9.00, 2009-04-01 06:49
district 9, 3, 27, scheduled, 2009-01-07, 7.00, 2009-04-01 06:47





PROJECT,SHOT,VERSION,STATUS,FINISH_DATE,INTERNAL_BID,CREATED_DATE
avatar, 3, 17, finished, 2001-07-03, 7.00, 2001-06-01 06:47
contact, 4, 20, finished, 1997-01-11, 4.00, 1997-01-01 03:21
lotr, 3, 16, finished, 2001-05-15, 115.00, 2001-04-01 06:47
district 9, 4, 27, scheduled, 2009-01-07, 7.00, 2009-04-01 06:47
avatar, 3, 16, finished, 2001-06-03, 6.00, 2001-06-01 06:47
i, robot, 3, 14, finished, 2004-04-15, 4.00, 2004-04-01 06:47
king kong, 42, 128, not required, 2006-07-22, 30.00, 2006-10-15 09:14
i, robot, 3, 16, finished, 2004-06-15, 6.00, 2004-06-01 06:47
district 9, 3, 28, finished, 2009-01-08, 8.00, 2009-04-01 06:47
i, robot, 3, 15, finished, 2004-05-15, 5.00, 2004-05-01 06:47
venom, 3, 16, finished, 2018-02-12, 5.00, 2018-04-01 06:47
district 9, 3, 29, finished, 2009-01-09, 9.00, 2009-04-01 06:49
district 9, 3, 27, scheduled, 2009-01-07, 7.00, 2009-04-01 06:47





PROJECT,SHOT,VERSION,STATUS,FINISH_DATE,INTERNAL_BID,CREATED_DATE
the hobbit, 1, 64, scheduled, 2010-04-15, 45.00, 2010-04-01 13:35
the hobbit, 40, 32, finished, 2010-05-15, 22.80, 2010-03-22 01:10
the hobbit, 40, 101, ongoing, 2010-05-15, 121.80, 2010-03-22 01:10





PROJECT,SHOT,VERSION,STATUS,FINISH_DATE,INTERNAL_BID,CREATED_DATE
the hobbit, 40, 99, finished, 2010-05-15, 21.80, 2010-03-22 01:11
the hobbit, 1, 64, scheduled, 2010-04-15, 45.00, 2010-04-01 13:35
the hobbit, 40, 32, finished, 2010-05-15, 22.80, 2010-03-22 01:10
the hobbit, 40, 101, ongoing, 2010-05-15, 121.80, 2010-03-22 01:10





PROJECT,SHOT,VERSION,STATUS,FINISH_DATE,INTERNAL_BID,CREATED_DATE
avatar, 3, 16, finished, 2001-06-03, 6.00, 2001-06-01 06:47
avatar, 3, 17, finished, 2001-07-03, 7.00, 2001-06-01 06:47
contact, 4, 20, finished, 1997-01-11, 4.00, 1997-01-01 03:21
district 9, 3, 27, scheduled, 2009-01-07, 7.00, 2009-04-01 06:47
district 9, 3, 28, finished, 2009-01-08, 8.00, 2009-04-01 06:47
district 9, 3, 29, finished, 2009-01-09, 9.00, 2009-04-01 06:49
district 9, 4, 27, scheduled, 2009-01-07, 7.00, 2009-04-01 06:47
i, robot, 3, 14, finished, 2004-04-15, 4.00, 2004-04-01 06:47
i, robot, 3, 15, finished, 2004-05-15, 5.00, 2004-05-01 06:47
i, robot, 3, 16, finished, 2004-06-15, 6.00, 2004-06-01 06:47
king kong, 42, 128, not required, 2006-07-22, 30.00, 2006-10-15 09:14
lotr, 3, 16, finished, 2001-05-15, 115.00, 2001-04-01 06:47
the hobbit, 1, 64, scheduled, 2010-04-15, 45.00, 2010-04-01 13:35
the hobbit, 40, 32, finished, 2010-05-15, 22.80, 2010-03-22 01:10
the hobbit, 40, 99, finished, 2010-05-15, 21.80, 2010-03-22 01:11
the hobbit, 40, 101, ongoing, 2010-05-15, 121.80, 2010-03-22 01:10
venom, 3, 16, finished, 2018-02-12, 5.00, 2018-04-01 06:47





PROJECT,SHOT,VERSION,STATUS,FINISH_DATE,INTERNAL_BID,CREATED_DATE
avatar, 3, 17, finished, 2001-07-03, 7.00, 2001-06-01 06:47
avatar, 3, 16, finished, 2001-06-03, 6.00, 2001-06-01 06:47
contact, 4, 20, finished, 1997-01-11, 4.00, 1997-01-01 03:21
district 9, 3, 28, finished, 2009-01-08, 8.00, 2009-04-01 06:47
district 9, 3, 29, finished, 2009-01-09, 9.00, 2009-04-01 06:49
district 9, 4, 27, scheduled, 2009-01-07, 7.00, 2009-04-01 06:47
district 9, 3, 27, scheduled, 2009-01-07, 7.00, 2009-04-01 06:47
i, robot, 3, 14, finished, 2004-04-15, 4.00, 2004-04-01 06:47
i, robot, 3, 16, finished, 2004-06-15, 6.00, 2004-06-01 06:47
i, robot, 3, 15, finished, 2004-05-15, 5.00, 2004-05-01 06:47
king kong, 42, 128, not required, 2006-07-22, 30.00, 2006-10-15 09:14
lotr, 3, 16, finished, 2001-05-15, 115.00, 2001-04-01 06:47
the hobbit, 40, 99, finished, 2010-05-15, 21.80, 2010-03-22 01:11
the hobbit, 40, 32, finished, 2010-05-15, 22.80, 2010-03-22 01:10
the hobbit, 40, 101, ongoing, 2010-05-15, 121.80, 2010-03-22 01:10
the hobbit, 1, 64, scheduled, 2010-04-15, 45.00, 2010-04-01 13:35
venom, 3, 16, finished, 2018-02-12, 5.00, 2018-04-01 06:47





PROJECT,SHOT,VERSION,STATUS,FINISH_DATE,INTERNAL_BID,CREATED_DATE
avatar, 3, 17, finished, 2001-07-03, 7.00, 2001-06-01 06:47
avatar, 3, 16, finished, 2001-06-03, 6.00, 2001-06-01 06:47
contact, 4, 20, finished, 1997-01-11, 4.00, 1997-01-01 03:21
district 9, 3, 28, finished, 2009-01-08, 8.00, 2009-04-01 06:47
district 9, 3, 29, finished, 2009-01-09, 9.00, 2009-04-01 06:49
district 9, 4, 27, scheduled, 2009-01-07, 7.00, 2009-04-01 06:47
district 9, 3, 27, scheduled, 2009-01-07, 7.00, 2009-04-01 06:47
i, robot, 3, 14, finished, 2004-04-15, 4.00, 2004-04-01 06:47
i, robot, 3, 15, finished, 2004-05-15, 5.00, 2004-05-01 06:47
i, robot, 3, 16, finished, 2004-06-15, 6.00, 2004-06-01 06:47
king kong, 42, 128, not required, 2006-07-22, 30.00, 2006-10-15 09:14
lotr, 3, 16, finished, 2001-05-15, 115.00, 2001-04-01 06:47
the hobbit, 40, 32, finished, 2010-05-15, 22.80, 2010-03-22 01:10
the hobbit, 40, 99, finished, 2010-05-15, 21.80, 2010-03-22 01:11
the hobbit, 40, 101, ongoing, 2010-05-15, 121.80, 2010-03-22 01:10
the hobbit, 1, 64, scheduled, 2010-04-15, 45.00, 2010-04-01 13:35
venom, 3, 16, finished, 2018-02-12, 5.00, 2018-04-01 06:47





PROJECT,SHOT,VERSION,INTERNAL_BID
the hobbit, 1, 64, 45.00
the hobbit, 40, 32, 22.80
the hobbit, 40, 101, 121.80





PROJECT,SHOT,VERSION,INTERNAL_BID
the hobbit, 1, 64, 45.00
the hobbit, 40, 32, 22.80
the hobbit, 40, 101, 121.80





PROJECT,SHOT,INTERNAL_BID
king kong, 42, 30.00
lotr, 3, 115.00
the hobbit, 40, 22.80
the hobbit, 1, 45.00





PROJECT,SHOT,VERSION:collect,INTERNAL_BID:sum
avatar, 3, ['17', '16'], 13.0,
contact, 4, ['20'], 4.0,
district 9, 4, ['27', '28', '29'], 31.0,
i, robot, 3, ['15', '14', '16'], 15.0,
king kong, 42, ['128'], 30.0,
lotr, 3, ['16'], 115.0,
the hobbit, 40, ['99', '32', '101', '64'], 211.4,
venom, 3, ['16'], 5.0,





PROJECT,SHOT,VERSION:collect,INTERNAL_BID:sum
avatar, 3, ['17', '16'], 13.0,
contact, 4, ['20'], 4.0,
district 9, 3, ['27', '28', '29'], 24.0,
district 9, 4, ['27'], 7.0,
i, robot, 3, ['15', '14', '16'], 15.0,
king kong, 42, ['128'], 30.0,
lotr, 3, ['16'], 115.0,
the hobbit, 1, ['64'], 45.0,
the hobbit, 40, ['99', '32', '101'], 166.4,
venom, 3, ['16'], 5.0,





PROJECT,SHOT,INTERNAL_BID:sum,VERSION:collect
king kong, 42, 30.0, ['128'],
lotr, 3, 115.0, ['16'],
the hobbit, 1, 45.0, ['64'],
the hobbit, 40, 144.6, ['32', '101'],





PROJECT,SHOT,INTERNAL_BID:sum,VERSION:collect
king kong, 42, 30.0, ['128'],
lotr, 3, 115.0, ['16'],
the hobbit, 1, 45.0, ['64'],
the hobbit, 40, 144.6, ['32', '101'],





PROJECT,SHOT:count,VERSION:max,STATUS:collect,FINISH_DATE,INTERNAL_BID:sum,CREATED_DATE
district 9, 4, 29, ['scheduled', 'finished'], 2009-01-07, 31.0, 2009-04-01 06:47
i, robot, 3, 16, ['finished'], 2004-04-15, 15.0, 2004-04-01 06:47





PROJECT,SHOT:count,VERSION:max,STATUS:collect,FINISH_DATE,INTERNAL_BID:sum,CREATED_DATE
district 9, 3, 29, ['scheduled', 'finished'], 2009-01-08, 24.0, 2009-04-01 06:47
district 9, 1, 27, ['scheduled'], 2009-01-07, 7.0, 2009-04-01 06:47
i, robot, 3, 16, ['finished'], 2004-04-15, 15.0, 2004-04-01 06:47



